B =

   -8.8000    3.0000    1.0000         0
  -15.9000    5.5000         0    1.0000
    4.1000   -1.5000         0         0
   13.3000   -4.5000         0         0


Binv =

         0   -0.0000   -3.0000    1.0000
         0   -0.0000   -8.8667    2.7333
    1.0000   -0.0000    0.2000    0.6000
         0    1.0000    1.0667    0.8667


N =

    9.4000    4.2000         0         0
   16.7000    8.1000         0         0
   -4.3000   -1.9000    1.0000         0
  -13.9000   -6.7000         0    1.0000


Cbt =

     4     2     0     0


Cnt =

     3     1     0     0


Result4 =

   -1.0000   -1.0000   -3.0000    1.0000
    0.1333   -1.4667   -8.8667    2.7333
    0.2000   -0.2000    0.2000    0.6000
    0.0667    0.2667    1.0667    0.8667


Result5 =

   1.0e+03 *

   -0.5600
   -1.6640
    0.0840
    0.3480


Result6 =

  -5.5680e+03


Result7 =

   -6.7333   -7.9333  -29.7333    9.4667