2.1) B=
-8.8 3.0 1.0 0.0 
-15.9 5.5 0.0 1.0 
4.1 -1.5 0.0 0.0 
13.3 -4.5 0.0 0.0 

2.2) N=
9.4 4.2 0.0 0.0 
16.7 8.1 0.0 0.0 
-4.3 -1.9 1.0 0.0 
-13.9 -6.7 0.0 1.0 

2.3) B^-1 B Inverse=
-0.0 -0.0 -3.0000000000000004 1.0000000000000002 
0.0 0.0 -8.866666666666669 2.733333333333334 
1.0 0.0 0.20000000000000195 0.5999999999999994 
0.0 1.0 1.0666666666666667 0.8666666666666667 

2.4) B^-1.N=
-1.0000000000000018 -1.0000000000000018 -3.0000000000000004 1.0000000000000002 
0.13333333333333286 -1.466666666666665 -8.866666666666669 2.733333333333334 
0.1999999999999993 -0.1999999999999993 0.20000000000000195 0.5999999999999994 
0.06666666666666643 0.2666666666666666 1.0666666666666667 0.8666666666666667 

2.5) B^-1.b=
-560.0000000000001 
-1664.0000000000005 
84.00000000000037 
348.00000000000006 

2.6) CB^T.Binv.b=
-5568.000000000002 

2.7) CB^T.Binv.N - CN^T=
-6.733333333333341 -7.933333333333337 -29.73333333333334 9.466666666666669 

